[config]
calib_method = 0
dist_to_target = 0.65400000000000003
n_poses = 9
rot_angle = 0.68100000000000005

[pose]
rotation = [ 0.98865215612668544, -0.14969666640718504, 0.0040857973654260466, -0.011879752207881521 ]
translation = [ -0.010961814973771439, -0.032611915722719445, 0.12648209899688018 ]