[config]
calib_method = 0
dist_to_target = 0.5
n_poses = 3
rot_angle = 0.29999999999999999

[pose]
rotation = [ 0.99615650627831132, 0.013012709967689304, -0.0060612876596174182, -0.086406858353911764 ]
translation = [ -0.069385091375945021, 0.057787799636357787, -0.24546502932582445 ]